                                     Mean          SD     Naive SE Time-series SE
beta.(Intercept)             2.744034e-01  0.09839806 0.0022002475   0.0021998418
beta.X1                      2.621530e-01  0.05095043 0.0011392862   0.0011394378
beta.X2                      2.991740e-01  0.03970844 0.0008879076   0.0008629271
b.(Intercept).1              7.848099e-01  0.19352245 0.0043272936   0.0044042816
b.(Intercept).10             2.414010e-01  0.19806054 0.0044287684   0.0043552906
b.(Intercept).11             1.008240e+00  0.20155035 0.0045068028   0.0045075242
b.(Intercept).12             9.587655e-01  0.20076364 0.0044892114   0.0041223006
b.(Intercept).13            -5.032712e-01  0.21104711 0.0047191568   0.0047202373
b.(Intercept).14            -4.996147e-01  0.24006333 0.0053679793   0.0053666525
b.(Intercept).15             5.553699e-01  0.22019711 0.0049237572   0.0050786070
b.(Intercept).16            -5.341491e-01  0.21967296 0.0049120368   0.0053715448
b.(Intercept).17             5.146171e-01  0.22184274 0.0049605544   0.0048477709
b.(Intercept).18             6.750798e-01  0.24429127 0.0054625188   0.0055922467
b.(Intercept).19             8.157822e-01  0.18893579 0.0042247327   0.0042256981
b.(Intercept).2             -1.011303e-01  0.24825634 0.0055511806   0.0056986969
b.(Intercept).20            -1.875439e-01  0.21108215 0.0047199403   0.0048176936
b.(Intercept).3             -1.748090e+00  0.19934188 0.0044574199   0.0043965466
b.(Intercept).4              3.611069e-01  0.21811556 0.0048772122   0.0048406644
b.(Intercept).5             -3.133309e-01  0.18607420 0.0041607456   0.0041614542
b.(Intercept).6              8.727480e-02  0.22241056 0.0049732514   0.0049733432
b.(Intercept).7             -7.622842e-01  0.18901141 0.0042264236   0.0042270446
b.(Intercept).8             -5.975552e-01  0.20730888 0.0046355674   0.0043700217
b.(Intercept).9             -7.688285e-01  0.22021647 0.0049241900   0.0050464432
b.X1.1                      -8.407217e-01  0.05559826 0.0012432149   0.0012432046
b.X1.10                      4.712888e-02  0.05625265 0.0012578476   0.0012104997
b.X1.11                      1.502954e-01  0.05609682 0.0012543630   0.0012546257
b.X1.12                      1.527156e-01  0.05542201 0.0012392737   0.0011759061
b.X1.13                     -5.093330e-01  0.05798115 0.0012964979   0.0012968053
b.X1.14                     -1.302917e-01  0.05746542 0.0012849658   0.0012841082
b.X1.15                      9.247839e-02  0.05800804 0.0012970991   0.0012614361
b.X1.16                      4.574372e-01  0.05634839 0.0012599883   0.0012602932
b.X1.17                     -1.975858e-01  0.05639538 0.0012610389   0.0012612757
b.X1.18                      5.934625e-02  0.05746213 0.0012848923   0.0012851571
b.X1.19                     -2.574614e-01  0.05631130 0.0012591590   0.0012594739
b.X1.2                       1.705638e-01  0.06271597 0.0014023718   0.0014027033
b.X1.20                      1.214515e-01  0.05633807 0.0012597575   0.0012593318
b.X1.3                      -3.332135e-01  0.05563846 0.0012441138   0.0012440986
b.X1.4                      -1.309144e-01  0.05727224 0.0012806463   0.0012809086
b.X1.5                       5.851052e-01  0.05593024 0.0012506382   0.0012509334
b.X1.6                       7.123150e-01  0.05716632 0.0012782777   0.0012503891
b.X1.7                      -8.438463e-01  0.05577473 0.0012471608   0.0012473609
b.X1.8                       6.738895e-01  0.05783238 0.0012931713   0.0012929006
b.X1.9                       4.059889e-03  0.05612771 0.0012550538   0.0012553624
b.X2.1                      -2.085912e-01  0.04496060 0.0010053497   0.0009782610
b.X2.10                     -1.005747e-01  0.04629247 0.0010351311   0.0010494510
b.X2.11                      2.009049e-01  0.04620946 0.0010332749   0.0010314229
b.X2.12                      6.853326e-02  0.04607530 0.0010302751   0.0010263378
b.X2.13                      6.343004e-01  0.04640541 0.0010376565   0.0009686079
b.X2.14                     -5.914253e-01  0.04779979 0.0010688358   0.0010670530
b.X2.15                     -2.100864e-01  0.04791711 0.0010714592   0.0010698574
b.X2.16                     -1.244870e-01  0.04655606 0.0010410251   0.0010160730
b.X2.17                      8.540795e-02  0.04864589 0.0010877553   0.0010309643
b.X2.18                     -1.039455e-01  0.05060537 0.0011315706   0.0011153228
b.X2.19                      6.289714e-01  0.04619338 0.0010329153   0.0010323878
b.X2.2                      -1.855917e-01  0.04614778 0.0010318956   0.0010316827
b.X2.20                     -1.875119e-01  0.04573600 0.0010226880   0.0009908502
b.X2.3                      -4.759431e-01  0.04654374 0.0010407496   0.0009805730
b.X2.4                      -1.742257e-01  0.04616894 0.0010323688   0.0010312892
b.X2.5                       1.721805e-02  0.04554168 0.0010183430   0.0009760741
b.X2.6                       3.660031e-01  0.04795628 0.0010723351   0.0010713120
b.X2.7                       7.230986e-02  0.04571261 0.0010221651   0.0010210461
b.X2.8                      -1.870637e-01  0.04460101 0.0009973088   0.0009187203
b.X2.9                       4.602246e-01  0.04779284 0.0010686804   0.0010663287
VCV.(Intercept).(Intercept)  7.367458e-01  0.26631033 0.0059548800   0.0063718813
VCV.X1.(Intercept)          -3.444337e-05  0.09564082 0.0021385937   0.0022366868
VCV.X2.(Intercept)           5.283538e-02  0.07272111 0.0016260934   0.0016814590
VCV.(Intercept).X1          -3.444337e-05  0.09564082 0.0021385937   0.0022366868
VCV.X1.X1                    2.054621e-01  0.06660093 0.0014892421   0.0014569736
VCV.X2.X1                   -5.276288e-03  0.03791453 0.0008477947   0.0007949456
VCV.(Intercept).X2           5.283538e-02  0.07272111 0.0016260934   0.0016814590
VCV.X1.X2                   -5.276288e-03  0.03791453 0.0008477947   0.0007949456
VCV.X2.X2                    1.252010e-01  0.04224029 0.0009445216   0.0009447179
sigma2                       2.500036e-01  0.01156530 0.0002586081   0.0002796540
Deviance                     1.451311e+03 11.27672361 0.2521552056   0.2727873878
